pow of 2(i) 1<<i-1      1<<i x*10^ 
0           0           1   0
1           1           2   0
2           3           4   0
3           7           8   0
4          15          16   1
5          31          32   1
6          63          64   1
7         127         128   2
8         255         256   2
9         511         512   2
10        1023        1024   3
11        2047        2048   3
12        4095        4096   3
13        8191        8192   3
14       16383       16384   4
15       32767       32768   4
16       65535       65536   4
17      131071      131072   5
18      262143      262144   5
19      524287      524288   5
20     1048575     1048576   6
21     2097151     2097152   6
22     4194303     4194304   6
23     8388607     8388608   6
24    16777215    16777216   7
25    33554431    33554432   7
26    67108863    67108864   7
27   134217727   134217728   8
28   268435455   268435456   8
29   536870911   536870912   8  (5*10^8)
30  1073741823  1073741824   9 (1*10^9)
31  2147483647 -2147483648
1000000000
